%YAML:1.0
---
CameraMat: !!opencv-matrix
   rows: 3
   cols: 3
   dt: d
   data: [ 332.232689, 0., 333.058485, 0.,
       332.644823, 240.998586, 0., 0., 1. ]
DistCoeff: !!opencv-matrix
   rows: 1
   cols: 5
   dt: d
   data: [ 0.011770, -0.041851,
       0.000701, -0.000319, 0. ]
ImageSize: [ 640, 480 ]
CameraExtrinsicMat: !!opencv-matrix
   rows: 4
   cols: 4
   dt: d
   data: [ -0.01783068, -0.99978912,
       0.01020197, -0.08032920,
       -0.02988329, -0.00966631,
       -0.99950683, 0.10752965,
       0.99939454, -0.01812658,
       -0.02970480, -0.06024161, 0., 0., 0., 1. ]
Pose: [ 5.0902978301338073e-04, -6.1939914048780222e-02,
    4.4749064695750192e-02, 1.5834395057033490e+00,
    5.9043390911951765e-02, 1.5379021184281692e+00 ]
