%YAML:1.0
---
CameraMat: !!opencv-matrix
   rows: 3
   cols: 3
   dt: d
   data: [ 332.232689, 0., 333.058485, 0.,
       332.644823, 240.998586, 0., 0., 1. ]
DistCoeff: !!opencv-matrix
   rows: 1
   cols: 5
   dt: d
   data: [ 0.011770, -0.041851,
       0.000701, -0.000319, 0. ]
ImageSize: [ 640, 480 ]
CameraExtrinsicMat: !!opencv-matrix
   rows: 4
   cols: 4
   dt: d
   data: [ -0.01807319, -0.99976844,
       0.01174591, -0.08543468,
       -0.03244301, -0.01115523,
       -0.99940997, 0.11639403,
       0.99931043, -0.01844365,
       -0.03223318, -0.04211223, 0., 0., 0., 1. ]
Pose: [ 5.0902978301338073e-04, -6.1939914048780222e-02,
    4.4749064695750192e-02, 1.5834395057033490e+00,
    5.9043390911951765e-02, 1.5379021184281692e+00 ]
