%YAML:1.0
---
CameraMat: !!opencv-matrix
   rows: 3
   cols: 3
   dt: d
   data: [ 4.8911006857033703e+02, 0., 3.4958502268073192e+02, 0.,
       4.8892466183350450e+02, 2.6498822163166375e+02, 0., 0., 1. ]
DistCoeff: !!opencv-matrix
   rows: 1
   cols: 5
   dt: d
   data: [ -1.6428886630774628e-01, 1.1009272635650603e-01,
       1.4466228649804059e-04, 1.4271882037683826e-03,
       -2.5054545830370447e-02 ]
ImageSize: [ 640, 512 ]
CameraExtrinsicMat: !!opencv-matrix
   rows: 4
   cols: 4
   dt: d
   data: [ -0.02189082, -0.99968964, -0.01167864, -0.00317189, 0.00097470, 0.01166256, -0.99992907, 0.09255067, 0.99975735, -0.02190317, 0.00072159, 0.02864178, 0.00000000, 0.00000000, 0.00000000, 1.00000000 ]
MeanReprojError: 0.733775
