%YAML:1.0
---
CameraMat: !!opencv-matrix
   rows: 3
   cols: 3
   dt: d
   data: [ 425.119082951468, 0., 313.900523576487, 0., 425.863187636335, 242.484542763666, 0., 0., 1. ]
DistCoeff: !!opencv-matrix
   rows: 1
   cols: 5
   dt: d
   data: [ 0.150173828774792, -0.159719446868897, -0.00532530853122636, -0.000396101072581273, -0.0160024646079770 ]
ImageSize: [ 640, 480 ]
CameraExtrinsicMat: !!opencv-matrix
   rows: 4
   cols: 4
   dt: d
   data: [ 0.00450747, -0.99971890, -0.02318137, -0.02358222, 0.00077597, 0.02318526, -0.99972761, 0.06731387, 0.99998522, 0.00448862, 0.00088017, -0.05046415, 0.00000000, 0.00000000, 0.00000000, 1.00000000 ]
MeanReprojError: 0.0689389247249751
