%YAML:1.0
---
CameraMat: !!opencv-matrix
   rows: 3
   cols: 3
   dt: d
   data: [ 425.119082951468, 0., 313.900523576487, 0., 425.863187636335, 242.484542763666, 0., 0., 1. ]
DistCoeff: !!opencv-matrix
   rows: 1
   cols: 5
   dt: d
   data: [ 0.150173828774792, -0.159719446868897, -0.00532530853122636, -0.000396101072581273, -0.0160024646079770 ]
ImageSize: [ 640, 480 ]
CameraExtrinsicMat: !!opencv-matrix
   rows: 4
   cols: 4
   dt: d
   data: [ -0.00810173, -0.99976563, -0.02006258, 0.00369245, 0.00331076, 0.02003661, -0.99979502, 0.05861237, 0.99996096, -0.00816773, 0.00314742, -0.05928054, 0.00000000, 0.00000000, 0.00000000, 1.00000000 ]
MeanReprojError: 0.0689389247249751
