%YAML:1.0
---
CameraMat: !!opencv-matrix
   rows: 3
   cols: 3
   dt: d
   data: [ 4.3056768852547538e+02, 0., 3.1302610138884916e+02, 0.,
       4.3059283504321502e+02, 2.4389292742723077e+02, 0., 0., 1. ]
DistCoeff: !!opencv-matrix
   rows: 1
   cols: 5
   dt: d
   data: [ 1.9177097678959412e-01, -3.1564513210057410e-01,
       -2.6561421228409065e-03, 7.4897038394914554e-04,
       1.9688802062544286e-01 ]
ImageSize: [ 640, 480 ]
CameraExtrinsicMat: !!opencv-matrix
   rows: 4
   cols: 4
   dt: d
   data: [ -0.00633376, -0.99973893, -0.02190767, -0.00073391, -0.00251023, 0.02192493, -0.99975550, 0.06170757, 0.99997580, -0.00627821, -0.00264746, -0.01097064, 0.00000000, 0.00000000, 0.00000000, 1.00000000 ]
MeanReprojError: 0.609363
