%YAML:1.0
---
CameraMat: !!opencv-matrix
   rows: 3
   cols: 3
   dt: d
   data: [ 4.8911006857033703e+02, 0., 3.4958502268073192e+02, 0.,
       4.8892466183350450e+02, 2.6498822163166375e+02, 0., 0., 1. ]
DistCoeff: !!opencv-matrix
   rows: 1
   cols: 5
   dt: d
   data: [ -1.6428886630774628e-01, 1.1009272635650603e-01,
       1.4466228649804059e-04, 1.4271882037683826e-03,
       -2.5054545830370447e-02 ]
ImageSize: [ 640, 512 ]
CameraExtrinsicMat: !!opencv-matrix
   rows: 4
   cols: 4
   dt: d
   data: [ -0.01950078, -0.99973947, -0.01171851, -0.01452019, 0.00150946, 0.01169088, -0.99992853, 0.08991482, 0.99980843, -0.01951521, 0.00128154, 0.03355181, 0.00000000, 0.00000000, 0.00000000, 1.00000000 ]
MeanReprojError: 1.10999
