%YAML:1.0
---
CameraMat: !!opencv-matrix
   rows: 3
   cols: 3
   dt: d
   data: [ 434.170980394115, 0., 308.963752786592, 0., 434.982900639749, 241.362315059886, 0., 0., 1. ]
DistCoeff: !!opencv-matrix
   rows: 1
   cols: 5
   dt: d
   data: [ 0.170202888994290, -0.236934751841475, -0.00638407098574020, -8.51899957360866e-05, 0.113126368932443 ]
ImageSize: [ 640, 480 ]
MeanReprojError: 0.061262069418954
CameraExtrinsicMat: !!opencv-matrix
   rows: 4
   cols: 4
   dt: d
   data: [ 0.01139046, -0.99992442, 0.00386271, 0.00764093, -0.00467308, -0.00391612, -0.99997979, 0.07553916, 0.99992228, 0.01137163, -0.00471738, 0.02120813, 0.00000000, 0.00000000, 0.00000000, 1.00000000 ]
